0.360746964422575
0.8069171975430744
0.8726691886779507
0.8071098625073059
0.7727003178172407
0.6741191261657935
0.6646968532397883
0.6806653188362497
0.6373035740692998
0.6263281465865955
0.6263246373152564
0.611810336344583
0.6550779927676633
0.6677758128224125
0.6498132174363003
0.6157009983086625
0.5565484368189784
0.508103074865732
0.48236776221442285
0.4208145826153193
0.3806885467212509
0.3787904225008291
0.37082365445959303
0.3448562925349122
0.2881940492527589
0.2852438747677704
0.2739318615012929
0.23260030142554783
0.15075195819317677
0.17754349137138148
0.7322764516737892
0.7241777614738303
0.7015395625030147
0.670561864579406
0.23409152323368082
0.23189100338947605
0.1971945344639729
0.6303944466140097
0.20161396106328533
0.19411786430916278
0.19801794253310995
0.587840752294086
0.5657419078627381
0.5507856955661175
0.5417985146225184
0.5130200971216308
0.5260181159754538
0.5615036844677488
0.7212921911473893
0.20326138408938893
0.20242768835122255
0.23856071399665862
0.2544520957399921
0.2730057644084441
0.27988545096959777
0.295593606278895
0.23798327763512267
0.16933279717973287
0.12392772167254135
0.6907122311788301
0.10415748082209136
0.06665669723324258
0.09250382427314757
0.14322390595456097
0.13142253316768537
0.029301039017598063
0.23145495726930726
0.34485933525241946
0.42285197988800755
0.4323623450760868
0.39142582004588716
0.58994509459867
0.5658575909727273
0.5405676883763719
0.5341612502186566
0.5625987897446165
0.5853432156622806
0.6003663867456253
0.6344756878421332
0.6609971550092806
0.6639868435421441
0.6438826636868731
0.6629531110694853
0.6997397774731862
0.6933474139841913
0.7076514285640993
0.7362928915294193
0.7566224663198793
0.7595351871541709
0.7759588449619126
0.785230495479698
0.7767184887628709
0.7970814973588309
0.8174445059547895
0.7907011387463467
0.7754253569469969
0.7824775471114755
0.7728725271207402
0.8002542920756797
0.8057403861464123
0.8797217300164475
0.8699141419998764
0.8903379178753219
0.6490118232447051
0.2654690898878412
0.3520079575759077
0.16257174557231374
0.23099901179847732
0.07364504629210872
0.01352271371905911
0.001448676795167192
-0.01851735851238323
-0.015455817441524022
-0.01022165040712028
-0.01920872368823251
-0.01890629291277962
-0.022911448821020752
-0.01432558019547947
0.006147694160930223
0.01761975742093705
0.02092154916149716
0.02100951977350965
0.013101559636285787
-0.0008380555515444532
-0.01939037727976714
-0.008162039344763367
-0.0554628009379918
-0.013626362747599874
-0.0009379846262859148
-0.0055066402033522865
0.002142808734292595
0.004032253556006726
0.0046574486762652745
0.005675246171084114
-0.005938856891435085
-0.0035694506423099015
0.0006909808292147601
-0.0019325615319040201
0.1718659525243007
0.18415321587202804
0.19213782764699922
0.1877953784519027
0.2500007786062967
-0.6214510519481942
-0.04406384716232928
0.17960202617719262
0.2203904089475407
0.2200817718365618
0.4041513882806222
0.31198693052416354
0.09791988426540815
0.10631496533904583
0.17546953777300578
0.24623200784536237
0.27336157457490756
0.3239301469874391
0.3774159196419053
0.4753309783580811
0.44909714270931317
0.5883071626764291
0.7881084964238176
0.26981409585974264
0.383678742688127
0.3616490596387099
0.3131019597125044
0.32301980039172024
0.4304432105750314
0.5481715464603869
0.2756700994521975
0.30349043924942914
0.2303828736634918
0.41938701791750227
0.4488026295105723
0.44914400285131034
0.4444768963437333
0.4324973165536485
0.1914302768102672
0.25567805083171086
0.3475433516338257
0.42878926489715957
0.3639597511665705
0.3538647293552896
0.36636608356513606
0.36683577578216203
0.3618973045446178
0.35521168190128855
0.34347926751559005
0.33651600708905677
0.33076655470865474
0.3149937160947343
0.29530056159409496
0.27640069486942753
0.27007778961784074
0.24964883335284743
0.24565966843603415
0.24955124131694312
0.23107848095623174
0.2066729711583774
0.18814832482171906
0.1755232376512738
0.18770920261173696
0.20345574305089648
0.1978200093669366
0.20903433481429384
0.23208726758324377
0.49071168986835195
0.4993467934141744
0.5268549774934934
0.5953268003014822
0.660242060729745
0.7043355841944376
0.7922508003134145
0.8028931038034661
0.8356887600270206
0.8717796097279744
0.8943613719469361
0.912765468432567
0.9372856056631826
0.9658131876631944
0.9693386001693929
0.93803235696915
0.9447187292727375
-0.011041877098786457
-0.008203992846991304
0.10631490181828734
0.10041028541936642
-0.0037232554819235375
-0.006311989744346547
-0.0042135773597387904
-0.0010634972071998372
0.0009059961508359193
0.0055063782187745325
0.012960881871282137
0.017388140119550755
0.0225421158448329
0.014143819629844678
0.016273379256464438
0.03612568518426551
0.048414305148367254
0.058964464413176376
0.07145672716297125
0.11938573268842284
0.13928140270601047
0.1524387103633798
0.16706833525035547
0.4711339361359906
0.3860870085505556
0.3540917543968039
0.2007059588439326
0.100963256018399
0.08284533390430454
0.33570614016824246
0.321783646870722
0.27718401821618993
0.15518942608469782
0.235277220691211
0.2912068726266705
0.3274058757302342
0.3203364556749157
0.29275546720112827
0.27012909850464667
0.25843523095419035
0.23409509952193702
0.22010364103126168
0.19502229732523751
0.1706489734765152
0.14973228785819892
0.13119344980000308
0.10249507660158441
0.09048733099500667
0.0856116848786374
0.0973124107966335
0.07712676829553494
0.06891951398215146
0.06309173451306355
0.06347513761537976
0.06413324161434186
0.07223913218982342
0.08178504972757838
0.08097479461359403
0.08294514521886792
0.08296049034284986
0.08538304460589635
0.08047244694192907
0.06913745133331817
0.06060325496203278
0.04903851491731642
0.2517556006039042
0.28697104219933905
0.323208297545914
0.38112441146947945
0.48309903170629226
0.5515915772617885
0.6291365406624911
0.7186687000657881
0.778279713672092
0.8126519733440036
0.7497222494049975
0.7217868402026406
0.6946422424671317
0.7313807019941121
0.7627961686726943
0.7688121690044283
0.7598308248767771
0.7376654676632521
0.7090341694343933
0.6573803786579537
0.6420745301094937
0.7261982338387021
0.7455646106528044
0.7425721115202994
0.7425721115202994
0.6896674207862814
0.6575566014899863
0.6445585467703963
0.6563236945615076
0.6680888423526206
0.6651537597717889
0.6832707501823356
0.6715056023912251
0.6126798634356605
0.5597366983756495
0.5210369036975975
0.47274340560467226
0.43468137619796715
0.4211605442862039
0.3994049977214898
0.4524540290294052
0.47093476080073865
0.5563447558048245
0.6278617712653747
0.6484445755328798
0.7438231947531064
0.7154356803862087
0.6760978992311071
0.6759442259832538
0.6857650944970302
0.7046927723853125
0.7450059932347539
0.7434463226891401
0.7250236346932335
0.7332105735340335
0.72047135480827
0.7037122396720707
0.6795838799633951
0.6612796026944139
0.6527217620805965
0.9053844031605223
0.8551948968866876
0.8528634609412222
0.8751863919161096
0.8751863919161096
0.8872980873756959
0.8773755898928584
0.8795314919262402
0.8836507574228363
0.815203677410171
0.7755540216716541
0.7288030737438957
0.5521083201317178
0.540222121594828
0.5000316148799491
0.5102243876197652
0.544595089660582
0.5836566458440848
0.6283790636631823
0.7074721835230977
0.7469392719338277
0.7762135876047369
0.7360230808898569
0.7141906988019162
0.7475913933498164
0.7985391480702058
0.8569330110073203
0.7476160033494741
0.7274115588768688
0.6889122835124621
0.6726684272924912
0.647308422305783
0.6199182798383127
0.595990331048919
0.5408785074297773
0.4209507338639234
0.36717839988757234
0.35589720622132864
0.3496744532500811
0.3219657868387336
0.3495736957930396
0.3819602747840877
0.3217478787249432
0.3032588828356357
0.2867713929077765
0.2684386973495506
0.25375037682503376
0.25101727246018557
0.25134633841959436
0.2684600787123704
0.2644726250122811
0.2613607404074469
0.2515553145114788
0.3409753434876262
0.32150201396167594
0.3286006337831185
0.3257635236199025
0.3259015283109426
0.35139386879164364
0.330966640309537
0.37121891188018247
0.38162772822038366
0.33522795383137566
0.1883041185640728
0.14383161418517443
0.16206446768057198
0.051711514707772854
0.3676169692091204
0.8923306444910453
0.5920517505516729
0.6041110773955607
0.6799914540442207
0.46426818043907764
0.32016374262500863
0.1339900312499256
0.3083886643925016
0.5662574066118518
0.41039402536143904
0.18460717713525582
0.26084535687959626
0.20880524320042998
0.22637148608972418
0.26796060597135424
0.28285879433000366
0.29621495430426453
0.36568250795670615
0.3910173910773221
0.373554223776047
0.31864474638712764
0.3006836601260651
0.27482155958887017
0.3215194848909742
0.34010852127368546
0.3512566372432547
0.36092401651109624
0.351194686908295
0.3421414166980837
0.25550902493050714
0.1905240620312298
0.14221695720947503
0.09397921279529925
0.03487879404986624
0.09076532289472566
0.056220192732735874
0.07664641243961617
0.28919867148843226
0.4955464539610818
0.4589519693781435
0.578683711322133
0.7264862435504906
0.7662407272154028
0.6664751426880644
0.6015701791540387
0.147826539760802
0.25912605517154813
0.30083280862972345
0.6739529625974636
0.5762358849320914
0.2607343118054886
0.30625455432319987
0.3636860848187056
0.4195482835162699
0.6936930764914706
0.5148117180176883
0.4805473425432271
0.3944535929061839
0.3194233171812562
0.5782992476545021
0.695380607594229
0.8623787490785955
0.7117265045818637
0.6871520652905356
0.6141916341316684
0.6047468465427335
0.5159079941232332
0.4242806206156707
0.3148104516389317
0.25799475270631306
0.21652510722608226
0.20606952892842573
0.2198314103080788
0.2959887318140603
0.3903200059652076
0.4375568997085664
0.5066642679371101
0.5953394856975314
0.6267997610565277
0.6480291470482307
0.6487727026738628
0.6267218180008205
0.5835476049264414
0.5299555505056299
0.4622443227181559
0.6258037852566949
0.7079264417361404
0.5553631846927356
0.5392459302301302
0.5253473572401894
0.5366435503890363
0.5341104216308774
0.5420904008609022
0.6377914970551748
0.5994057336809451
0.5263296270841991
0.41411946962282326
0.26096764929554866
0.2559069267207422
0.22238986279595158
0.22278452793407583
0.21955352976428627
0.21912514260316412
0.22862310212317605
0.23453792864972717
0.22772849267091955
0.23019410340677632
0.3502508764400177
0.3721444409084315
0.3004171454984373
0.22544238871435845
0.3337297392876684
0.5587528898109424
